eval_accuracy = 0.872852233676976
eval_loss = 0.38137887055809433
global_step = 246
