global_step = 246
test_accuracy = 0.8548644338118022
test_loss = 0.45134367762952093
